At time 1760796829.823551161
- Translation: [0.000, 0.000, 0.000]
- Rotation: in Quaternion [0.000, 0.000, -0.703, 0.711]
- Rotation: in RPY (radian) [0.000, 0.000, -1.559]
- Rotation: in RPY (degree) [0.000, 0.000, -89.307]
- Matrix:
  0.012  1.000  0.000  0.000
 -1.000  0.012 -0.000  0.000
 -0.000  0.000  1.000  0.000
  0.000  0.000  0.000  1.000
At time 1760796830.815707772
- Translation: [0.000, 0.000, 0.000]
- Rotation: in Quaternion [0.000, 0.000, -0.363, 0.932]
- Rotation: in RPY (radian) [0.000, 0.000, -0.744]
- Rotation: in RPY (degree) [0.000, 0.000, -42.615]
- Matrix:
  0.736  0.677  0.000  0.000
 -0.677  0.736 -0.000  0.000
 -0.000  0.000  1.000  0.000
  0.000  0.000  0.000  1.000
At time 1760796831.823833440
- Translation: [-0.745, -0.017, 0.000]
- Rotation: in Quaternion [0.000, 0.000, -0.273, 0.962]
- Rotation: in RPY (radian) [0.000, 0.000, -0.553]
- Rotation: in RPY (degree) [0.000, 0.000, -31.706]
- Matrix:
  0.851  0.526  0.000 -0.745
 -0.526  0.851 -0.000 -0.017
 -0.000  0.000  1.000  0.000
  0.000  0.000  0.000  1.000
At time 1760796832.815097201
- Translation: [-1.412, -0.529, 0.000]
- Rotation: in Quaternion [0.000, 0.000, 0.370, 0.929]
- Rotation: in RPY (radian) [0.000, -0.000, 0.759]
- Rotation: in RPY (degree) [0.000, -0.000, 43.491]
- Matrix:
  0.725 -0.688  0.000 -1.412
  0.688  0.725  0.000 -0.529
  0.000  0.000  1.000  0.000
  0.000  0.000  0.000  1.000
At time 1760796833.823608951
- Translation: [-2.119, -0.821, 0.000]
- Rotation: in Quaternion [0.000, 0.000, 0.374, 0.928]
- Rotation: in RPY (radian) [0.000, -0.000, 0.766]
- Rotation: in RPY (degree) [0.000, -0.000, 43.882]
- Matrix:
  0.721 -0.693  0.000 -2.119
  0.693  0.721  0.000 -0.821
  0.000  0.000  1.000  0.000
  0.000  0.000  0.000  1.000
At time 1760796834.815597874
- Translation: [-1.950, -0.978, 0.000]
- Rotation: in Quaternion [0.000, 0.000, 0.496, 0.869]
- Rotation: in RPY (radian) [0.000, -0.000, 1.037]
- Rotation: in RPY (degree) [0.000, -0.000, 59.427]
- Matrix:
  0.509 -0.861  0.000 -1.950
  0.861  0.509  0.000 -0.978
  0.000  0.000  1.000  0.000
  0.000  0.000  0.000  1.000
At time 1760796835.824104387
- Translation: [-2.272, -1.342, 0.000]
- Rotation: in Quaternion [0.000, 0.000, 0.497, 0.868]
- Rotation: in RPY (radian) [0.000, -0.000, 1.041]
- Rotation: in RPY (degree) [0.000, -0.000, 59.657]
- Matrix:
  0.505 -0.863  0.000 -2.272
  0.863  0.505  0.000 -1.342
  0.000  0.000  1.000  0.000
  0.000  0.000  0.000  1.000
At time 1760796836.815660718
- Translation: [-2.945, -0.383, 0.000]
- Rotation: in Quaternion [0.000, 0.000, 0.275, 0.961]
- Rotation: in RPY (radian) [0.000, -0.000, 0.557]
- Rotation: in RPY (degree) [0.000, -0.000, 31.903]
- Matrix:
  0.849 -0.528  0.000 -2.945
  0.528  0.849  0.000 -0.383
  0.000  0.000  1.000  0.000
  0.000  0.000  0.000  1.000
At time 1760796837.823897260
- Translation: [-2.181, -1.385, 0.000]
- Rotation: in Quaternion [0.000, 0.000, 0.364, 0.931]
- Rotation: in RPY (radian) [0.000, -0.000, 0.745]
- Rotation: in RPY (degree) [0.000, -0.000, 42.692]
- Matrix:
  0.735 -0.678  0.000 -2.181
  0.678  0.735  0.000 -1.385
  0.000  0.000  1.000  0.000
  0.000  0.000  0.000  1.000
At time 1760796838.816042110
- Translation: [-2.986, -0.519, 0.000]
- Rotation: in Quaternion [0.000, 0.000, 0.248, 0.969]
- Rotation: in RPY (radian) [0.000, -0.000, 0.501]
- Rotation: in RPY (degree) [0.000, -0.000, 28.707]
- Matrix:
  0.877 -0.480  0.000 -2.986
  0.480  0.877  0.000 -0.519
  0.000  0.000  1.000  0.000
  0.000  0.000  0.000  1.000
At time 1760796839.823955178
- Translation: [-1.670, -1.789, 0.000]
- Rotation: in Quaternion [0.000, 0.000, 0.532, 0.847]
- Rotation: in RPY (radian) [0.000, -0.000, 1.122]
- Rotation: in RPY (degree) [0.000, -0.000, 64.280]
- Matrix:
  0.434 -0.901  0.000 -1.670
  0.901  0.434  0.000 -1.789
  0.000  0.000  1.000  0.000
  0.000  0.000  0.000  1.000
At time 1760796840.815956006
- Translation: [-2.861, -0.682, 0.000]
- Rotation: in Quaternion [0.000, 0.000, 0.363, 0.932]
- Rotation: in RPY (radian) [0.000, -0.000, 0.743]
- Rotation: in RPY (degree) [0.000, -0.000, 42.594]
- Matrix:
  0.736 -0.677  0.000 -2.861
  0.677  0.736  0.000 -0.682
  0.000  0.000  1.000  0.000
  0.000  0.000  0.000  1.000
At time 1760796841.823696570
- Translation: [-1.833, -1.562, 0.000]
- Rotation: in Quaternion [0.000, 0.000, 0.576, 0.817]
- Rotation: in RPY (radian) [0.000, -0.000, 1.228]
- Rotation: in RPY (degree) [0.000, -0.000, 70.365]
- Matrix:
  0.336 -0.942  0.000 -1.833
  0.942  0.336  0.000 -1.562
  0.000  0.000  1.000  0.000
  0.000  0.000  0.000  1.000
At time 1760796842.816150423
- Translation: [-2.318, -0.560, 0.000]
- Rotation: in Quaternion [0.000, 0.000, 0.374, 0.928]
- Rotation: in RPY (radian) [0.000, -0.000, 0.766]
- Rotation: in RPY (degree) [0.000, -0.000, 43.883]
- Matrix:
  0.721 -0.693  0.000 -2.318
  0.693  0.721  0.000 -0.560
  0.000  0.000  1.000  0.000
  0.000  0.000  0.000  1.000
At time 1760796843.823706040
- Translation: [-1.276, -0.006, 0.000]
- Rotation: in Quaternion [0.000, 0.000, 0.117, 0.993]
- Rotation: in RPY (radian) [0.000, -0.000, 0.235]
- Rotation: in RPY (degree) [0.000, -0.000, 13.462]
- Matrix:
  0.973 -0.233  0.000 -1.276
  0.233  0.973  0.000 -0.006
  0.000  0.000  1.000  0.000
  0.000  0.000  0.000  1.000
At time 1760796844.815572381
- Translation: [-0.642, 0.068, 0.000]
- Rotation: in Quaternion [0.000, 0.000, 0.001, 1.000]
- Rotation: in RPY (radian) [0.000, -0.000, 0.003]
- Rotation: in RPY (degree) [0.000, -0.000, 0.165]
- Matrix:
  1.000 -0.003  0.000 -0.642
  0.003  1.000  0.000  0.068
  0.000  0.000  1.000  0.000
  0.000  0.000  0.000  1.000
At time 1760796845.824283928
- Translation: [-0.317, 0.051, 0.000]
- Rotation: in Quaternion [0.000, 0.000, -0.053, 0.999]
- Rotation: in RPY (radian) [0.000, 0.000, -0.106]
- Rotation: in RPY (degree) [0.000, 0.000, -6.053]
- Matrix:
  0.994  0.105  0.000 -0.317
 -0.105  0.994 -0.000  0.051
 -0.000  0.000  1.000  0.000
  0.000  0.000  0.000  1.000
